function retval = bones2_rightarm()
    
    retval = [
        [ 0.000, -0.101,  0.000], 180*pi/180 % base
        [ 0.000, -0.100,  0.246],   0*pi/180 % spine1
        [ 0.000, -0.100,  0.480],   0*pi/180 % spine2
        [-0.143, -0.064,  0.506], -82*pi/180 % torso.r
        [-0.183, -0.065,  0.516],  14*pi/180 % shoulder.r
        [-0.196, -0.065,  0.221], 183*pi/180 % upperarm.r
        [-0.216, -0.156, -0.028], 181*pi/180 % lowerarm.r
        [-0.220, -0.169, -0.118],  92*pi/180 % hand.r
        [-0.222, -0.170, -0.206],  91*pi/180 % fingers.r
    ];

endfunction
