function retval = bones3_head()
    
    retval = [
        [ 0.000, -0.101,  0.000],   0*pi/180 % base
        [ 0.000, -0.100,  0.246],   0*pi/180 % spine1
        [ 0.000, -0.100,  0.480],   0*pi/180 % spine2
        [ 0.000, -0.067,  0.626],   0*pi/180 % torso
        [ 0.000, -0.125,  0.724],   0*pi/180 % head
    ];

endfunction
