function retval = bones4_leftleg()
    
    retval = [
        [ 0.083,  0.044, 0.867],   0*pi/180 % base
        [ 0.078, -0.002, 0.458],   1*pi/180 % upperleg.l
        [ 0.079,  0.022, 0.050],   0*pi/180 % lowerleg.l
        [ 0.088, -0.109, 0.014], -28*pi/180 % foot.l
    ];

endfunction
