function retval = bones3_head()
    
    retval = [
        [ 0.000,  0.025, 0.932],   0*pi/180 % base
        [ 0.000,  0.025, 1.145],   0*pi/180 % spine1
        [ 0.000,  0.025, 1.380],   0*pi/180 % spine2
        [ 0.000,  0.058, 1.526],   0*pi/180 % torso
        [ 0.000,  0.000, 1.624],   0*pi/180 % head
    ];

endfunction
