function retval = bones5_rightleg()
    
    retval = [
        [ 0.000, -0.101,  0.000],   0*pi/180 % base
        [-0.083, -0.083, -0.033], -17*pi/180 % hip.r
        [-0.080, -0.127, -0.443],   0*pi/180 % upperleg.r
        [-0.078, -0.103, -0.849],   0*pi/180 % lowerleg.r
        [-0.087, -0.234, -0.886],  28*pi/180 % foot.r
    ];

endfunction
