function retval = bones4_leftleg()
    
    retval = [
        [ 0.000, -0.101,  0.000], 180*pi/180 % base
        [ 0.083, -0.081, -0.033],  17*pi/180 % hip.l
        [ 0.078, -0.127, -0.442],   1*pi/180 % upperleg.l
        [ 0.079, -0.103, -0.850],   0*pi/180 % lowerleg.l
        [ 0.088, -0.234, -0.886], -28*pi/180 % foot.l
    ];

endfunction
