function retval = bones5_rightleg()
    
    retval = [
        [-0.083,  0.043, 0.867],   0*pi/180 % base
        [-0.080, -0.002, 0.457],   0*pi/180 % upperleg.r
        [-0.078,  0.022, 0.051],   0*pi/180 % lowerleg.r
        [-0.087, -0.109, 0.014],  28*pi/180 % foot.r
    ];

endfunction
