function retval = bones1_leftarm()

    retval = [
        [0.000, -0.101,  0.000],   0*pi/180 % base
        [0.000, -0.100,  0.246],   0*pi/180 % spine1
        [0.000, -0.100,  0.480],   0*pi/180 % spine2
        [0.143, -0.064,  0.505],  82*pi/180 % torso.l
        [0.183, -0.063,  0.516], -15*pi/180 % shoulder.l
        [0.195, -0.084,  0.221], 177*pi/180 % upperarm.l
        [0.216, -0.156, -0.028], 181*pi/180 % lowerarm.l
        [0.221, -0.168, -0.118], 267*pi/180 % hand.l
        [0.221, -0.169, -0.206], 270*pi/180 % fingers.l
    ];

endfunction
