# Created by Octave 2.1.71, Mon Apr 24 16:09:11 2006 BST <martin@penpen>
# name: elastic
# type: matrix
# rows: 266
# columns: 9
 0 22.5 0 0 0 0 0 0.001792180283989 0.01
 0.01 22.3669041876396 0 0 3.090504569778e-05 0 0 0.001792180271849 0.01274075415
 0.022740754152219 21.8143914097889 0 0 7.000521433614e-05 0 0 0.001792180257381 0.01288481769
 0.035625571840536 20.8292203991775 0 0 0.00010884753965187 0 0 0.001792180241697 0.01293900128
 0.048564573118594 19.4269925698428 0 0 0.00014662471487643 0 0 0.001792180226947 0.01294270542
 0.061507278536464 17.6371482044782 0 0 0.00018252178584471 0 0 0.001792180217032 0.01273953927
 0.074246817810919 15.5306882313384 0 0 0.00021522971283672 0 0 0.001792180215048 0.0118570295
 0.086103847315236 13.297850515175 0 0 0.00024256148940444 0 0 0.001792180217665 0.01111829127
 0.097222138584804 10.9991415492675 0 0 0.0002647844749236 0 0 0.001792180222623 0.01047704312
 0.107699181701598 8.68230954510381 0 0 0.00028215158411169 0 0 0.001792180228322 0.00986502532
 0.117564207021664 6.39492494381556 0 0 0.00029490981198855 0 0 0.001792180233657 0.00923372188
 0.126797928902821 4.1850835688733 0 0 0.00030339948327072 0 0 0.001792180236522 0.00767407363
 0.135330143711138 2.3145772380698 0 0 0.00030776775257463 0 0 0.001792180238346 0.00649421294
 0.142240539069123 0.718187825981514 0 0 0.00030949892935212 0 0 0.001792180238893 0.00277046043
 0.143736675907568 0.0355647509393005 0 0 0.00030968263647522 0 0 0.001792180238909 8.170058e-05
 0.14381837648259 0.0154306407174186 0 0 0.00030968300301207 0 0 0.001792180238921 6.297517e-05
 0.143881351652072 -8.88293936574295e-05 0 0 0.00030968308800987 0 0 0.001792180238885 3.295e-07
 0.143881681156478 -8.88293936574295e-05 -8.11983175691751e-05 0 -9.3e-16 0.00030968308801107 0 0.001792180238885 3.295e-07
 0.143882010660884 -8.88293936574295e-05 -8.11983175691751e-05 0 -5.4e-15 -3.78e-15 0 0.001792180238885 3.6327e-07
 0.143882373935867 -8.88293936574295e-05 -8.11983175691751e-05 0 -1.032e-14 -8.28e-15 0 0.001792180238885 3.6327e-07
 0.14388273721085 -8.88293936574295e-05 -8.11983175691751e-05 -8.95282531473811e-05 -1.527e-14 -1.278e-14 0.00030968308800399 0.001792180238885 7.2655e-07
 0.143883463760816 -8.88293936574295e-05 -8.11983175691751e-05 -0.000268573903366562 -2.511e-14 -2.178e-14 0.0003096830879811 0.001792180238885 1.4531e-06
 0.143884916860749 -8.88293936574295e-05 -8.11983175691751e-05 -0.000626672764302804 -4.482e-14 -3.981e-14 0.00030968308786665 0.001792180238885 2.9062e-06
 0.143887823060614 -8.88293936574295e-05 -8.11983175691751e-05 -0.00134287141673501 -8.424e-14 -7.584e-14 0.00030968308736307 0.001792180238885 5.8124e-06
 0.143893635460344 -8.88293936574295e-05 -8.11983175691751e-05 -0.00277526684940424 -1.6308e-13 -1.4793e-13 0.00030968308525728 0.001792180238885 1.16248e-05
 0.143905260259804 -8.88293936574295e-05 -8.11983175691751e-05 -0.00564005921048049 -3.2079e-13 -2.9208e-13 0.00030968307665094 0.001792180238885 2.32496e-05
 0.143928509858723 -8.88293936574295e-05 -8.11983175691751e-05 -0.0113696426634725 -6.3615e-13 -5.8035e-13 0.0003096830418594 0.001792180238885 4.64992e-05
 0.143975009056563 -8.88293936574295e-05 -8.11983175691751e-05 -0.0228288072418129 -1.2669e-12 -1.15695e-12 0.00030968290196073 0.001792180238885 9.29984e-05
 0.144068007452243 -8.88293936574295e-05 -8.11983175691751e-05 -0.045747115247067 -2.5284e-12 -2.31012e-12 0.00030968234090163 0.001792180238885 0.00018599679
 0.144254004243602 -8.88293936574295e-05 -8.11983175691751e-05 -0.0915835629240959 -5.0514e-12 -4.61643e-12 0.00030968009374236 0.001792180238885 0.00037199358
 0.144625997826319 -8.88252905883653e-05 -8.11983175691751e-05 -0.183255110571464 -1.009731e-11 -9.22902e-12 0.00030967109935617 0.001792180238885 0.00074398717
 0.145369984991755 -8.8821187329761e-05 -8.1193828870337e-05 -0.36658741989569 -2.018856e-11 -1.845363e-11 0.00030963511186275 0.001792180238885 0.00148797433
 0.146857959322626 -8.87719334328147e-05 -8.11579103422044e-05 -0.733165738233423 -4.036629e-11 -3.689853e-11 0.00030949116678177 0.001792180238891 0.00297594866
 0.149833907984368 -8.86404559067189e-05 -8.10320701131368e-05 -1.46563207779285 -8.068377e-11 -7.375359e-11 0.0003089157925251 0.001792180239249 0.00595189732
 0.155785805307853 -8.80753489360286e-05 -8.05086366291983e-05 -2.92504777189776 -1.6101492e-10 -1.4718606e-10 0.0003066214223958 0.001792180241187 0.007961641
 0.163747446305715 -8.67200381833222e-05 -7.92631240554889e-05 -4.85648994631505 -2.673273e-10 -2.4436851e-10 0.00030120671473158 0.001792180243929 0.00859964984
 0.172347096148718 -8.44890880319027e-05 -7.72275900839699e-05 -6.90032707760777 -3.7982301e-10 -3.4720332e-10 0.00029244693527571 0.001792180247138 0.00912159827
 0.181468694414976 -8.13149367673585e-05 -7.43420675442709e-05 -9.0002695672285 -4.9539711e-10 -4.5285216e-10 0.00028004265159375 0.001792180250276 0.00957146247
 0.191040156881767 -7.71095158472793e-05 -7.04608998612799e-05 -11.1060720345449 -6.1127025e-10 -5.5877442e-10 0.00026386677068877 0.001792180252708 0.00997634843
 0.201016505309587 -7.17830217010417e-05 -6.56240438087537e-05 -13.1699838678502 -7.2479028e-10 -6.6254565e-10 0.00024394287539553 0.001792180253836 0.01035610737
 0.211372612681274 -6.53569163343833e-05 -5.97580565432611e-05 -15.1453215386231 -8.3335074e-10 -7.6178334e-10 0.00022041669146115 0.001792180253213 0.01072761523
 0.22210022791007 -5.7804952629786e-05 -5.28581738221926e-05 -16.9857496306183 -9.3434937e-10 -8.5410864e-10 0.00019351909299903 0.001792180250607 0.01110747534
 0.233207703248663 -4.91346547976105e-05 -4.49185561571809e-05 -18.6447122982803 -1.02515589e-09 -9.371172e-10 0.00016352177755692 0.001792180245975 0.01151462874
 0.244722331992369 -3.93570204404112e-05 -3.60005075325635e-05 -20.0746755177488 -1.10307096e-09 -1.00834149e-09 0.00013068747833856 0.001792180239326 0.01197422879
 0.256696560782845 -2.85344385506489e-05 -2.61064939334372e-05 -21.2258172918171 -1.16525607e-09 -1.06518678e-09 9.521491050507e-05 0.001792180230385 0.01252537574
 0.269221936526889 -1.67086796351457e-05 -1.52727672833316e-05 -22.0434810429245 -1.20859542e-09 -1.10480487e-09 5.717239932114e-05 0.001792180218725 0.01307954519
 0.282301481716369 -3.91248236030638e-06 -3.52019892386405e-06 -22.460268794572 -1.22929077e-09 -1.12372371e-09 1.689081509913e-05 0.001792180208239 0.0127582289
 0.295059710615906 8.4949405215305e-06 7.87140408808164e-06 -22.4291134884932 -1.22489925e-09 -1.11971022e-09 -2.255905253652e-05 0.001792180196543 0.01271409432
 0.307773804935408 2.07732093791016e-05 1.899526447096e-05 -21.968558973979 -1.19645958e-09 -1.09371372e-09 -6.16689993177e-05 0.001792180182207 0.01286384507
 0.320637650004353 3.27564365317381e-05 3.11129923831975e-05 -21.0747900391183 -1.14380859e-09 -1.15807872e-09 -0.00010063653862443 0.001792180166347 0.01293278127
 0.333570431273874 4.41575163411128e-05 4.26801437221767e-05 -19.7593103997596 -1.06773129e-09 -1.08511248e-09 -0.00013870770143958 0.001792180150897 0.01294446059
 0.346514891868083 5.46681872759583e-05 5.33728043833626e-05 -18.0490825094005 -9.6989193e-10 -9.900339e-10 -0.00017507508655443 0.001792180138612 0.0129329156
 0.359447807472656 6.40785418847743e-05 6.29770202358304e-05 -15.9800112870702 -8.5245069e-10 -8.7494214e-10 -0.0002089015087635 0.00179218013506 0.01203148089
 0.371479288361952 7.16356283618718e-05 7.07808733661959e-05 -13.7668583072761 -7.276095e-10 -7.5187779e-10 -0.00023733553633839 0.001792180136734 0.01126041036
 0.382739698718772 7.75948269308102e-05 7.69675876653984e-05 -11.4778099360736 -5.9914539e-10 -6.2469108e-10 -0.0002605922176542 0.001792180141173 0.01060550556
 0.393345204279402 8.2104442341378e-05 8.16861070496042e-05 -9.16082669680909 -4.6968465e-10 -4.960743e-10 -0.0002789455084446 0.001792180146662 0.00999174553
 0.40333694980751 8.53474773163775e-05 8.51379723845762e-05 -6.86343888378808 -3.4181721e-10 -3.6867255e-10 -0.00029263340575158 0.001792180151997 0.00936819294
