# Created by Octave 2.1.71, Mon Apr 24 16:05:57 2006 BST <martin@penpen>
# name: inelastic
# type: matrix
# rows: 246
# columns: 9
 0 22.5 0 0 0 0 0 0.001792180283989 0.01
 0.01 22.3669041876396 0 0 3.090504569778e-05 0 0 0.001792180271849 0.01274075415
 0.022740754152219 21.8143914097889 0 0 7.000521433614e-05 0 0 0.001792180257381 0.01288481769
 0.035625571840536 20.8292203991775 0 0 0.00010884753965187 0 0 0.001792180241697 0.01293900128
 0.048564573118594 19.4269925698428 0 0 0.00014662471487643 0 0 0.001792180226947 0.01294270542
 0.061507278536464 17.6371482044782 0 0 0.00018252178584471 0 0 0.001792180217032 0.01273953927
 0.074246817810919 15.5306882313384 0 0 0.00021522971283672 0 0 0.001792180215048 0.0118570295
 0.086103847315236 13.297850515175 0 0 0.00024256148940444 0 0 0.001792180217665 0.01111829127
 0.097222138584804 10.9991415492675 0 0 0.0002647844749236 0 0 0.001792180222623 0.01047704312
 0.107699181701598 8.68230954510381 0 0 0.00028215158411169 0 0 0.001792180228322 0.00986502532
 0.117564207021664 6.39492494381556 0 0 0.00029490981198855 0 0 0.001792180233657 0.00923372188
 0.126797928902821 4.1850835688733 0 0 0.00030339948327072 0 0 0.001792180236522 0.00767407363
 0.135330143711138 2.3145772380698 0 0 0.00030776775257463 0 0 0.001792180238346 0.00649421294
 0.142240539069123 0.718187825981514 0 0 0.00030949892935212 0 0 0.001792180238893 0.00277046043
 0.143736675907568 0.0355647509393005 0 0 0.00030968263647522 0 0 0.001792180238909 8.170058e-05
 0.14381837648259 0.0154306407174186 0 0 0.00030968300301207 0 0 0.001792180238921 6.297517e-05
 0.143881351652072 -8.88293936574295e-05 0 0 0.00030968308800987 0 0 0.001621923109874 3.5033e-07
 0.143881701985719 -9.315136092546e-05 -8.20067253615817e-05 0 1.548415439913e-05 0.00029419893361041 0 0.001468264986834 3.5033e-07
 0.143882052319366 -9.72515268336281e-05 -8.63282953885145e-05 0 1.474865706162e-05 1.544544400872e-05 0 0.001329584778192 4.2371e-07
 0.143882476025738 -0.000102010767429996 -9.12939165876832e-05 0 1.40830319724e-05 1.47136241568e-05 0 0.001204430143339 4.2371e-07
 0.14388289973211 -0.000106759265212649 -9.62457028196558e-05 -8.50523118614431e-05 1.408303196562e-05 1.471362415071e-05 0.00025223881069683 0.001204430143339 8.4741e-07
 0.143883747144853 -0.000116251244293143 -0.000106170451846221 -0.000255145508174563 1.408303195119e-05 1.471362413763e-05 0.00025223881067259 0.001204430143339 1.69483e-06
 0.14388544197034 -0.000135244321188387 -0.000126011899834645 -0.000595341083582619 1.408303191864e-05 1.471362410757e-05 0.00025223881055142 0.001204430143339 3.38965e-06
 0.143888831621313 -0.000173236121910385 -0.0001657024867333 -0.00127572868367039 1.408303183878e-05 1.471362403203e-05 0.00025223881001826 0.001204418470177 6.7793e-06
 0.14389561092326 -0.000245954983982398 -0.000241503273695725 -0.00263650568897067 1.347898147065e-05 1.405123951473e-05 0.00025223880778872 0.001204418470177 1.35586e-05
 0.143909169527154 -0.000391385148960722 -0.000393113397868416 -0.0053580602310557 1.347898081068e-05 1.405123885755e-05 0.00025223879867667 0.001204418470177 2.711721e-05
 0.143936286734942 -0.000682249553815865 -0.000696326082528707 -0.0108011683952722 1.347897858714e-05 1.405123660122e-05 0.00025223876184078 0.001204418470177 5.423442e-05
 0.143990521150517 -0.00126397980511666 -0.00130275479567874 -0.0216873814996572 1.347897052572e-05 1.405122832065e-05 0.00025223861372175 0.001204418470177 0.00010846883
 0.144098989981668 -0.00242743973613153 -0.00251561025556625 -0.0434597805044761 1.347893994537e-05 1.40511966879e-05 0.00025223801969514 0.001204418470177 0.00021693766
 0.144315927643969 -0.00475434715875185 -0.00494130819271504 -0.0870043610994396 1.347882095514e-05 1.405107313611e-05 0.00025223564049492 0.001204418470177 0.00043387532
 0.144749802968572 -0.00940806738696709 -0.00979260527401046 -0.174091780504044 1.347835165929e-05 1.405058489046e-05 0.00025222611762114 0.001204418470177 0.00086775065
 0.145617553617779 -0.01871475556684 -0.0194944164042863 -0.348252680068269 1.347648785304e-05 1.404864387981e-05 0.00025218801581652 0.001204418470178 0.0017355013
 0.147353054916191 -0.037322143290789 -0.0388917998029331 -0.696462951145667 1.346906012946e-05 1.404090455964e-05 0.00025203561735792 0.001204418470187 0.0034710026
 0.150824057513017 -0.0744891344076697 -0.077636769874043 -1.3919914739044 1.343941615599e-05 1.401000914604e-05 0.00025142651060529 0.00120441847072 0.00694200519
 0.157766062706667 -0.148441747777658 -0.154729215016907 -2.77592153274102 1.332116435073e-05 1.388674956321e-05 0.00024899853556983 0.001204418472068 0.00818199693
 0.165948059634559 -0.234455564235717 -0.244395062580574 -4.38558677949719 1.308173834118e-05 1.363717100136e-05 0.00024410041241706 0.001204418473888 0.00876389296
 0.174711952593561 -0.324454363437713 -0.338215227266009 -6.06988749727879 1.270736681853e-05 1.324691601663e-05 0.00023649228713382 0.001204418475983 0.00925343147
 0.183965384064998 -0.416179728579598 -0.433835427021622 -7.78664294548901 1.218352977666e-05 1.270084830714e-05 0.00022594880769531 0.001204418478045 0.00968485792
 0.193650241985431 -0.507532456869433 -0.52906734997498 -9.49672815376988 1.149971454483e-05 1.198800960132e-05 0.00021235740640203 0.001204418479706 0.01008081632
 0.203731058308465 -0.596467230511178 -0.621778854511303 -11.1621335795962 1.06489923024e-05 1.110117809361e-05 0.00019570440524007 0.001204418480591 0.01045864172
 0.21418970003048 -0.680944782852606 -0.709844105297411 -12.7450966948156 9.62772173667e-06 1.0036559355e-05 0.00017605791422679 0.001204418480364 0.0108337511
 0.225023451127804 -0.758906127889517 -0.791116709239092 -14.2076372634303 8.43526742469e-06 8.7934925229e-06 0.00015354600544167 0.001204418478755 0.01122211174
 0.236245562870785 -0.828250642770518 -0.863406867882984 -15.5111513827151 7.07365681956e-06 7.37409243387e-06 0.00012833020548834 0.001204418475525 0.01164299395
 0.247888556815825 -0.886804336970557 -0.924448299843529 -16.6158067973494 5.54707414191e-06 5.78272170645e-06 0.0001005744795708 0.001204418470365 0.01212346162
 0.260012018440126 -0.93225997451277 -0.971835821504686 -17.4793993730106 3.86097799167e-06 4.02507056958e-06 7.040809377087e-05 0.001204418462634 0.01270787987
 0.272719898313933 -0.962050205681079 -1.0028930941076 -18.0549572717015 2.02028927988e-06 2.10626757135e-06 3.787433232687e-05 0.001204418453817 0.01282021294
 0.285540111249863 -0.973004795917671 -1.01431517849356 -18.2830279607214 1.2337045128e-07 1.2884687997e-07 4.56184973973e-06 0.001204418445828 0.0124863328
 0.298026444046842 -0.965024856690709 -1.0059988580107 -18.1606107085109 -1.72682529642e-06 -1.79987225601e-06 -2.794291297629e-05 0.001204418437038 0.01258592161
 0.310612365655685 -0.938510152091706 -0.978360902260468 -17.6953595849852 -3.55866106704e-06 -3.70945972626e-06 -6.035842326114e-05 0.00120441842746 0.01272740568
 0.32333977133873 -0.893359431684533 -0.931295716470192 -16.8845497611277 -5.34147323562e-06 -5.56795334328e-06 -9.234325483242e-05 0.001204418417845 0.01283685068
 0.336176622019543 -0.830041146394547 -0.865291573948444 -15.7355472217187 -7.03327479606e-06 -7.33158587892e-06 -0.00012329427049539 0.001204418409443 0.01292831387
 0.349104935888146 -0.749504979585188 -0.781338411259794 -14.2644613706573 -8.59503886119e-06 -8.95967431308e-06 -0.00015256438640079 0.001204418404784 0.01270915689
 0.361814092780908 -0.655511281300684 -0.68335611861448 -12.5391203449839 -9.96070093272e-06 -1.038334749243e-05 -0.00017886020193747 0.001204418404755 0.01181420771
 0.373628300493135 -0.556573593652316 -0.580219563535638 -10.71590017198 -1.105570056687e-05 -1.152487391361e-05 -0.00020053265338128 0.001204418407115 0.01106953767
 0.384697838162829 -0.455283894496352 -0.474630802921994 -8.84325255144081 -1.191209670336e-05 -1.241766965097e-05 -0.00021794007092466 0.001204418410526 0.01042761322
